% Time (s)                Dependent variable u
0                         -1.9757664147444275E-12
10                        -2.3385578334469164E-12
20                        -2.8758373988970517E-12
30                        -3.686050892627345E-12
40                        -5.08918295954727E-12
50                        -7.110346907324017E-12
60                        -1.0445018625367384E-11
70                        -1.571402454273075E-11
80                        -2.4324967067256153E-11
90                        -3.881297261141986E-11
100                       -6.292649488243501E-11
110                       -1.0106466059189813E-10
120                       -1.505488539284077E-10
130                       -1.967552401984622E-10
140                       -3.7630265966277417E-10
150                       -1.936816456251162E-9
160                       -6.064689686975626E-9
170                       -1.4082180194227796E-8
180                       5.800084992932623E-8
190                       -8.586843746210483E-8
200                       -6.508750838347483E-8
210                       1.1581143153831394E-7
220                       -3.1097346873127903E-7
230                       -2.2088075589067835E-7
240                       -4.876782989708188E-7
250                       -1.2866192777214125E-6
260                       -2.6067533626491302E-6
270                       -5.521083583519875E-6
280                       -1.199986112868968E-5
290                       -2.5594665900874432E-5
300                       -5.479670985737145E-5
310                       -1.1624840065579136E-4
320                       -2.4572770524804123E-4
330                       -5.146462457423039E-4
340                       -0.0010645033156766383
350                       -0.0021745597127597127
360                       -0.004373893259423068
370                       -0.008642163239279445
380                       -0.016739689861924617
390                       -0.03171330786445105
400                       -0.05862699488166295
410                       -0.10551378651834424
420                       -0.18443460141646928
430                       -0.3123452255375198
440                       -0.5112052124034758
450                       -0.8065007355443505
460                       -1.2232146154805925
470                       -1.7784040295198493
480                       -2.4704728142371386
490                       -3.267600070021461
500                       -4.098676498249412
510                       -4.850692547609823
520                       -5.382574404543246
530                       -5.549055056636327
540                       -5.243522983474133
550                       -4.429874055608054
560                       -3.17702030706785
570                       -1.6617509940966524
580                       -0.10793340762947642
590                       1.2743121009902423
600                       2.3347873216991286
610                       3.006049743464766
620                       3.2972844072345437
630                       3.2738496831201545
640                       3.0282761670347904
650                       2.6546297746072636
660                       2.2318983942994066
670                       1.8164283241990056
680                       1.4417026222433593
690                       1.1224617948520794
700                       0.8611016150788877
710                       0.6526908705058275
720                       0.48895965655191165
730                       0.36123249844353505
740                       0.2614766819575714
750                       0.18305505800764374
760                       0.12084588504761437
770                       0.07082095621038607
780                       0.030002758822705488
790                       -0.003756441405209391
800                       -0.03213355055577487
810                       -0.05627430759708431
820                       -0.07706419080108243
830                       -0.09530898990944746
840                       -0.11140833281181611
850                       -0.1258534255899069
860                       -0.13892413794948416
870                       -0.15085238189381958
880                       -0.1619464900166797
890                       -0.1722835114423117
900                       -0.182016511718078
910                       -0.19126900989540505
920                       -0.2001095458325626
930                       -0.20865673873287038
940                       -0.21695953198860848
950                       -0.2250272867066108
960                       -0.2329533837513003
970                       -0.24077111813890645
980                       -0.24851755886961796
990                       -0.2562237936649528
1000                      -0.2638926848648455
1010                      -0.2715545579678452
1020                      -0.27926801580428884
1030                      -0.2870137133063639
1040                      -0.2948144799852692
1050                      -0.3026792889647846
1060                      -0.31062478377744485
1070                      -0.3186926008213088
1080                      -0.3268796473450498
1090                      -0.3351757007161985
1100                      -0.3436088738910076
1110                      -0.352203175786939
1120                      -0.36096230060525203
1130                      -0.36989290664674157
1140                      -0.3789901462356477
1150                      -0.3882715226609019
1160                      -0.3977773692878504
1170                      -0.4075033956724907
1180                      -0.4174604419358534
1190                      -0.4276515425405397
1200                      -0.43808185332635186
1210                      -0.4487961424982382
1220                      -0.4597850635235131
1230                      -0.4710852953948874
1240                      -0.4826838895815048
1250                      -0.4946051131714166
1260                      -0.506858755953215
1270                      -0.5195149669503604
1280                      -0.532565398973846
1290                      -0.5460150144351595
1300                      -0.5598784285731019
1310                      -0.5742389641053633
1320                      -0.5891570996710542
1330                      -0.6045407433179344
1340                      -0.6205324773070442
1350                      -0.6371892228046685
1360                      -0.6545061833132532
1370                      -0.6726321832855247
1380                      -0.6916100223752913
1390                      -0.7114926240711835
1400                      -0.7325037895389435
1410                      -0.7547743595342358
1420                      -0.7784383896090182
1430                      -0.8038645280491893
1440                      -0.8312693308434903
1450                      -0.861291835899016
1460                      -0.8943899270095784
1470                      -0.9315375641639846
1480                      -0.9738158445655858
1490                      -1.0225976300447055
1500                      -1.0798014259103004
1510                      -1.1471780900909732
1520                      -1.2262904028674277
1530                      -1.3176772881450867
1540                      -1.4188473643750517
1550                      -1.5227335601795953
1560                      -1.613471370436679
1570                      -1.6651368138092315
1580                      -1.6380689787089286
1590                      -1.4808753201964235
1600                      -1.136214291557362
1610                      -0.5548292786173528
1620                      0.2892118695975528
1630                      1.3721083018799867
1640                      2.60884643244926
1650                      3.858810425152228
1660                      4.92796971551681
1670                      5.617073713694488
1680                      5.78947260005596
1690                      5.412475638418473
1700                      4.565214940611524
1710                      3.4049632335683655
1720                      2.1203425649912098
1730                      0.8862462231684338
1740                      -0.17023962301776488
1750                      -0.9807692971070001
1760                      -1.5315064236594516
1770                      -1.848151504688464
1780                      -1.9778774055794197
1790                      -1.974358668204384
1800                      -1.8864118542258208
1810                      -1.7529436618957528
1820                      -1.601951822915159
1830                      -1.4511563671179215
1840                      -1.3105866637864787
1850                      -1.1850863623888348
1860                      -1.075899919037794
1870                      -0.9824503031800774
1880                      -0.9033680889100651
1890                      -0.8366485626981885
1900                      -0.78063968139831
1910                      -0.7336026267178491
1920                      -0.6940641473577147
1930                      -0.6608044409650903
1940                      -0.6327661652519225
1950                      -0.6090934760417278
1960                      -0.5890429975037206
1970                      -0.5720448355089056
1980                      -0.5575225190457119
1990                      -0.5451487459334616
2000                      -0.5345747887419152
2010                      -0.5254172167798821
2020                      -0.5175289657214446
2030                      -0.5106205050516791
2040                      -0.5045725407117972
2050                      -0.4992857959839694
2060                      -0.49449675916284785
2070                      -0.49016678440986267
2080                      -0.4862188738317621
2090                      -0.4825544324084963
2100                      -0.479104324114926
2110                      -0.4757759866041007
2120                      -0.4724990671397897
2130                      -0.4693223646090522
2140                      -0.46610219435566225
2150                      -0.4628198344546022
2160                      -0.45946741496832805
2170                      -0.45596903995915744
2180                      -0.45228439478496674
2190                      -0.4484720712282279
2200                      -0.44439034127302945
2210                      -0.44005114777394516
2220                      -0.43542778682894984
2230                      -0.4305171875355119
2240                      -0.42525633588143613
2250                      -0.4196357814010657
2260                      -0.41362718936433307
2270                      -0.40716671271744914
2280                      -0.40029480666383965
2290                      -0.3929420562049308
2300                      -0.3850735145545443
2310                      -0.37664949537615094
2320                      -0.3676732771419888
2330                      -0.3580839949813394
2340                      -0.34787354116065133
2350                      -0.3369868813151769
2360                      -0.32537636638654754
2370                      -0.31298345567992
2380                      -0.2998835395973291
2390                      -0.2858788235305123
2400                      -0.2709850177060198
2410                      -0.25521408840228155
2420                      -0.23832350872807367
2430                      -0.2205463847260475
2440                      -0.20155738884123953
2450                      -0.18139330367502313
2460                      -0.1600067937053357
2470                      -0.13727808533346392
2480                      -0.11309441973752488
2490                      -0.08754825454464248
2500                      -0.06011135061963181